98.77
56.58
15.43
0.0
17.49
17.49
29.84
54.53
48.35
75.62
105.45
104.42
98.77
56.58
15.43
0.0
17.49
17.49
29.84
54.53
48.35
75.62
105.45
104.42
98.77
56.58
15.43
0.0
17.49
17.49
29.84
54.53
48.35
75.62
105.45
104.42
98.77
56.58
15.43
0.0
17.49
17.49
29.84
54.53
48.35
75.62
105.45
104.42
98.77
56.58
15.43
0.0
17.49
17.49
29.84
54.53
48.35
75.62
105.45
104.42
98.77
56.58
15.43
0.0
17.49
17.49
29.84
54.53
48.35
75.62
105.45
104.42
98.77
56.58
15.43
0.0
17.49
17.49
29.84
54.53
48.35
75.62
105.45
104.42
98.77
56.58
15.43
0.0
17.49
17.49
29.84
54.53
48.35
75.62
105.45
104.42
98.77
56.58
15.43
0.0
17.49
17.49
29.84
54.53
48.35
75.62
105.45
104.42
98.77
56.58
15.43
0.0
17.49
17.49
29.84
54.53
48.35
75.62
105.45
104.42
98.77
56.58
15.43
0.0
17.49
17.49
29.84
54.53
48.35
75.62
105.45
104.42
98.77
56.58
15.43
0.0
17.49
17.49
29.84
54.53
48.35
75.62
105.45
104.42
