29.72
26.5
22.56
32.59
48.89
106.43
322.68
522.68
328.39
175.44
76.92
38.79
29.72
26.5
22.56
32.59
48.89
106.43
322.68
522.68
328.39
175.44
76.92
38.79
29.72
26.5
22.56
32.59
48.89
106.43
322.68
522.68
328.39
175.44
76.92
38.79
29.72
26.5
22.56
32.59
48.89
106.43
322.68
522.68
328.39
175.44
76.92
38.79
29.72
26.5
22.56
32.59
48.89
106.43
322.68
522.68
328.39
175.44
76.92
38.79
29.72
26.5
22.56
32.59
48.89
106.43
322.68
522.68
328.39
175.44
76.92
38.79
29.72
26.5
22.56
32.59
48.89
106.43
322.68
522.68
328.39
175.44
76.92
38.79
29.72
26.5
22.56
32.59
48.89
106.43
322.68
522.68
328.39
175.44
76.92
38.79
29.72
26.5
22.56
32.59
48.89
106.43
322.68
522.68
328.39
175.44
76.92
38.79
29.72
26.5
22.56
32.59
48.89
106.43
322.68
522.68
328.39
175.44
76.92
38.79
29.72
26.5
22.56
32.59
48.89
106.43
322.68
522.68
328.39
175.44
76.92
38.79
29.72
26.5
22.56
32.59
48.89
106.43
322.68
522.68
328.39
175.44
76.92
38.79
